8 2 20
7 8 10
15 1 7
2 10 19
12 12 10
13 2 21
12 5 7
0 8 21
2 8 20
3 11 14
5 1 18
13 15 5
15 10 13
9 3 29
5 12 7
7 14 5
12 11 17
4 8 20
12 13 12
7 8 29
8 14 28
8 13 6
2 2 15
5 7 28
1 14 4
15 2 7
10 3 10
2 0 24
0 14 3
8 15 8
6 2 25
3 11 27
6 1 25
13 6 26
12 4 3
14 8 26
1 4 18
1 12 8
0 8 26
15 1 16
1 2 23
12 11 4
13 12 26
3 15 4
8 7 4
0 0 10
4 8 5
0 10 28
9 14 24
10 3 5
12 15 1
7 2 1
3 9 13
2 5 4
9 15 12
9 5 25
1 9 5
11 14 0
10 5 11
13 11 11
12 1 2
15 8 29
8 11 1
13 12 1
13 1 11
2 13 2
12 10 24
10 12 25
15 14 15
11 9 4
12 14 9
4 0 22
15 10 24
12 7 27
13 6 28
10 15 1
5 2 29
1 6 13
15 5 19
8 15 26
6 5 16
7 8 6
1 10 11
8 4 23
14 12 22
14 0 7
0 7 8
6 10 9
11 8 24
10 5 12
0 13 28
8 1 23
3 9 10
7 0 20
3 4 25
4 4 19
11 15 13
6 15 15
14 0 6
3 0 17
