12 6
5 4
2 10
10 13
8 7
15 9
1 14
10 15
11 2
3 12
15 14
5 7
15 4
11 5
12 6
5 4
2 10
10 13
8 7
15 9
1 14
10 15
11 2
3 12
15 14
5 7
15 4
11 5
12 6
5 4
2 10
10 13
8 7
15 9
1 14
10 15
11 2
3 12
15 14
5 7
15 4
11 5
12 6
5 4
2 10
10 13
8 7
15 9
1 14
10 15
11 2
3 12
15 14
5 7
15 4
11 5
12 6
5 4
2 10
10 13
8 7
15 9
1 14
10 15
11 2
3 12
15 14
5 7
15 4
11 5
12 6
5 4
2 10
10 13
8 7
15 9
1 14
10 15
11 2
3 12
15 14
5 7
15 4
11 5
12 6
0 7
8 15
8 0
1 3
0 7
0 14
10 4
15 9
12 10
14 11
2 8
0 12
10 8
10 15
9 1
3 4
1 5
3 6
2 7
0 8
9 8
3 2
13 2
7 11
15 6
0 14
10 9
14 4
8 4
5 4
5 6
1 12
11 5
6 1
7 1
4 7
12 1
1 5
8 4
0 11
5 7
8 3
15 0
8 14
11 12
14 5
5 14
14 9
0 8
9 7
4 14
7 1
1 6
8 2
11 5
3 0
5 9
1 2
0 11
0 13
12 4
12 2
6 8
4 14
10 0
11 3
11 8
7 9
7 8
4 8
11 15
0 15
0 7
2 4
1 4
4 8
7 10
8 2
0 12
6 1
0 7
15 6
10 12
0 6
6 14
7 10
12 1
13 8
9 4
14 6
0 15
15 11
14 7
0 4
9 14
1 9
4 15
15 14
2 15
13 8
5 14
8 2
11 7
0 9
0 10
13 2
0 7
7 8
7 15
10 2
0 3
14 13
11 8
1 9
8 6
8 10
15 5
13 12
14 5
13 2
13 7
5 14
10 9
2 12
7 14
15 8
5 9
5 3
4 1
14 9
13 8
13 2
2 6
12 11
10 3
14 13
4 1
7 12
12 1
15 12
4 11
6 8
6 11
7 10
7 9
11 15
14 12
4 2
5 8
6 0
11 4
11 10
2 16
14 22
9 24
14 12
22 18
22 21
0 14
9 16
2 14
8 24
10 19
0 10
1 17
7 15
9 19
11 17
3 8
12 24
10 17
15 23
5 16
6 11
2 7
19 6
15 23
13 21
7 0
0 15
4 14
0 7
5 4
22 5
11 20
15 13
20 24
20 11
18 15
20 13
5 21
15 6
24 3
0 14
3 19
14 9
12 19
15 14
2 22
2 24
0 11
12 17
14 3
13 2
20 19
9 22
20 18
3 20
9 11
5 9
8 3
13 9
11 4
15 13
4 11
2 7
13 2
10 6
19 17
6 12
16 5
0 3
9 5
17 5
16 21
7 11
12 1
11 10
14 16
14 12
18 9
0 17
10 1
8 1
11 18
5 23
18 23
4 20
18 22
7 20
3 13
19 5
7 20
13 19
23 4
8 19
12 16
8 24
18 19
15 22
23 18
15 12
19 13
14 10
8 9
9 10
9 22
23 11
21 23
6 17
20 19
19 5
5 23
2 6
13 12
20 17
1 0
16 11
24 14
1 21
12 7
19 6
13 1
3 14
24 22
11 13
13 5
12 9
4 19
9 5
20 4
4 21
0 24
16 13
21 7
2 15
20 24
11 13
19 15
13 10
19 0
1 8
6 0
16 0
22 23
6 18
1 15
24 2
7 20
18 22
9 13
10 7
7 19
9 11
14 7
16 2
5 16
12 8
10 24
16 11
4 10
3 9
6 19
18 8
18 7
21 11
16 6
6 11
5 2
19 4
9 12
8 13
4 14
3 9
12 23
7 3
16 12
5 7
21 13
4 12
22 3
6 10
24 9
20 19
23 1
23 9
12 20
8 11
6 15
13 19
1 8
19 7
12 2
20 1
1 17
11 24
5 13
3 6
11 18
5 18
0 2
6 10
12 15
16 3
18 5
19 8
6 13
23 14
15 11
15 7
17 12
8 18
23 1
24 6
19 12
7 16
9 16
14 4
4 20
16 24
14 10
20 23
10 13
11 3
24 10
11 2
3 18
20 18
24 18
19 3
24 22
10 7
